-6
-17
-45
-24
-79
-95
-21
-25
-43
-22
-18
-69
-2
-18
-99
-80
-34
-88
-9
-47
-82
-30
-49
-10
-55
-93
-26
-32
-7
-23
-20
-82
-47
-63
-6
-4
-90
-3
-77
-10
-15
-34
-23
-91
-7
-84
-38
-46
-4
-11
-50
-72
-64
-54
-84
-82
-12
-95
-44
-84
-11
-99
-77
13
75
21
12
90
52
48
30
65
41
55
77
17
87
77
34
63
50
86
84
53
68
35
15
63
70
31
40
79
85
75
41
25
69
87
52
88
1
26
-88
-70
-81
-7
-31
-31
-17
-63
-10
-42
-96
-87
-48
-18
-89
-54
-18
-63
-14
-18
-65
-92
-17
-42
-12
-63
-61
-44
-97
-92
-78
-92
-34
-21
-72
-27
-66
-60
-78
-44
-9
-48
-27
-38
-69
-6
-53
-5
-47
-36
-28
-32
-22
-44
-39
-56
-30
-18
-96
-48
-37
-19
-56
56
67
92
22
70
78
72
40
79
5
66
60
89
1
94
41
73
36
27
73
14
50
3
74
67
87
78
5
35
46
22
96
21
26
4
16
77
55
41
-34
-97
-88
-786
-976
-786
-233
-282
-235
-433
-432
-979
-610
-339
-976
-198
-722
-909
-880
-130
-21
-559
-58
-760
-339
-998
-286
-785
-243
-236
-478
-28
-441
-405
-970
-674
-419
-1000
-101
-391
-952
-300
-580
-816
-253
-780
-606
-185
-392
-680
-490
-47
-466
-649
-141
-819
-511
-731
-898
-438
-966
-904
-108
747
220
577
568
273
526
770
697
900
47
852
644
503
706
593
629
902
134
256
351
366
568
820
178
128
305
946
958
714
278
158
986
482
581
360
549
253
2
984
808
529
371
488
208
910
300
459
944
294
433
124
249
126
738
585
921
796
496
786
583
810
545
675
147
688
707
904
605
432
297
668
883
510
777
176
626
198
449
251
788
178
585
831
243
139
638
709
49
532
110
493
452
286
76
684
998
439
577
583
306
168
741
696
307
940
628
581
186
550
410
148
3
63
208
313
321
999
394
933
89
169
33
144
800
218
25
209
684
490
408
96
950
948
157
788
340
556
504
800
653
791
